24668.67694
26259.96637
29969.02052
34192.36856
37715.56413
40663.10609
43206.38832
45453.47789
47536.92272
49514.86341
51416.14775
53256.19405
55044.03689
56769.17592
59978.45385
62840.36624
64146.09895
67664.43884
69749.24213
71674.22943
74354.15938
77706.5827
80136.74287
83315.85338
86430.45725
90233.71774
94667.00915
98961.47825
103122.6358
108474.6014
113619.4677
119182.1378
125110.0862
131355.5743
138406.9096
145649.6343
153056.0695
161063.0092
169587.8505
178556.8221
188277.2644
198119.1658
208220.5813
218222.953
228135.8501
237194.6726
245226.1023
251750.0657
256735.8502
260052.0697
262153.7096
263991.6744
266781.5634
271436.6576
278890.1987
289444.5787
303594.7315
320498.5571
338539.1723
359165.2825
381931.5507
403637.1206
422594.8349
438500.0695
454728.0934
470296.8354
481195.6065
490242.9117
503708.9979
521312.8703
542806.8622
567943.0442
596661.3845
628925.3102
664800.3279
704497.5642
748248.2112
796490.4234
849818.6077
909074.6606
974280.8793
1042716.997
1113684.871
1179452.598
1233598.044
1269954.78
1279801.978
1250359.116
