45121.37525
31113.66834
25184.99907
21715.32728
19371.34966
17652.18401
16321.98641
15253.24617
14370.20789
13624.66212
12984.27656
11934.84483
11104.63071
10426.60547
9859.317711
9158.959268
8421.890292
7972.711368
7361.226736
6871.831666
6468.652012
6007.406945
5584.570366
5240.068385
4887.549313
4545.79296
4246.010032
3964.334766
3690.486738
3444.116897
3213.898724
2994.808761
2791.254146
2604.86663
2427.805299
2263.45202
2110.463249
1968.103411
1835.898204
1712.084019
1597.007179
1488.875886
1389.165432
1295.300831
1208.169965
1126.86846
1051.273654
980.7358892
914.936916
853.5364441
796.4942635
743.2856783
693.7474523
647.5564776
604.6689732
564.7357081
527.5841783
493.0261823
460.9638245
431.1897065
403.6024875
378.0525958
354.4582629
332.6918712
312.6925753
294.3752203
277.6885997
262.5826031
249.0205916
236.9824563
226.4583622
217.4469379
209.9561215
203.9995091
199.5924871
196.7505427
195.4857636
195.8035855
197.7026597
201.174549
206.2059169
212.7807005
220.8833779
230.5028953
241.6340703
254.2818502
268.460922
284.1983025
301.5334475
320.5180204
341.2167875
363.7066019
388.0775375
