0.007278960879
0.007707007967
0.008717491832
0.009756253898
0.01074334919
0.01166960575
0.01253957668
0.01336005604
0.01413745075
0.01487725297
0.01558404898
0.01626165174
0.01691427907
0.01754610692
0.01875758124
0.01990995954
0.02046668394
0.02206814127
0.02308448989
0.02406369293
0.02546783597
0.02723245879
0.02848553748
0.03007536631
0.03158477489
0.03337461507
0.03540160987
0.03731718452
0.03913793868
0.04143985639
0.04361855045
0.0459440973
0.04839491627
0.05095274799
0.05381711249
0.05673868958
0.05970965305
0.06290739894
0.06629995615
0.06985981677
0.07371658243
0.07764261836
0.08172595778
0.08591208829
0.0902823682
0.09468179319
0.09930407755
0.1041161837
0.109209042
0.1144832598
0.1199641027
0.1253262224
0.1302548687
0.1345961426
0.1384737463
0.1417641325
0.1445392137
0.1470212696
0.1491174269
0.1506647161
0.1517807643
0.1543474578
0.1583085328
0.1636616327
0.1704874104
0.1778373479
0.1849384972
0.1921455841
0.2006109482
0.2103225798
0.2214252066
0.2339962623
0.2481489274
0.2639659555
0.2815516841
0.3010415025
0.3224777509
0.3459826326
0.371865262
0.400636468
0.432823076
0.4690798823
0.5101876982
0.5572203578
0.6117023857
0.6756641753
0.7516090766
0.8384261098
