0.272500851
0.1926872778
0.1573285798
0.1362506162
0.1218663196
0.1112482795
0.1029959488
0.09634394086
0.09083398882
0.08617273634
0.08216252683
0.07557861923
0.07035994809
0.06609174216
0.06251660584
0.05809806486
0.05344258506
0.05060296934
0.04673443989
0.04363608316
0.04108216791
0.03815900029
0.03547798523
0.03329282084
0.03105608179
0.02888698339
0.02698380087
0.02519519656
0.02345597656
0.02189103627
0.0204285224
0.01903658743
0.01774329226
0.0165590643
0.01543414251
0.01439007141
0.01341837522
0.01251444642
0.01167534399
0.01088995945
0.01016059022
0.00947600513
0.008845684312
0.008253524199
0.007705350765
0.007195727883
0.006724198924
0.006287091642
0.005882911561
0.005510150165
0.005169232723
0.004857818411
0.00457591276
0.004322796227
0.004099463212
0.003905443952
0.003741403626
0.003608060789
0.003506494743
0.003437343441
0.003401421784
0.003399217934
0.003430985586
0.003496757368
0.003596251866
0.003729183704
0.003895166735
0.00409402939
0.004325884469
0.004591144076
0.004890654881
0.005225804598
0.005598508408
0.006011276159
0.00646734793
0.006970686886
0.007525984244
0.008139003335
0.008816487459
0.009566379679
0.01039809075
0.01132259319
0.01235271653
0.013503519
0.01479244364
0.01623994147
0.01786967476
0.01970919792
0.0217904781
0.02415049091
0.02683206781
0.02988462426
0.03336528999
