0.005234664827
0.01046932965
0.01570399448
0.02093865931
0.02617332413
0.03140798896
0.03664265379
0.04187731861
0.04711198344
0.05234664827
0.05758131309
0.06805064275
0.0785199724
0.08898930206
0.09945863171
0.1151626262
0.1361012855
0.15180528
0.1779786041
0.2041519282
0.2303252524
0.2669679062
0.3088452248
0.3507225434
0.4030691917
0.4658851696
0.5339358123
0.6124557847
0.7066797516
0.8113730481
0.9317703392
1.073106289
1.235380899
1.418594168
1.633215426
1.879244673
2.161916573
2.486465793
2.858126995
3.287369511
3.779428005
4.350006471
4.99910491
5.752896645
6.616616341
7.611202658
8.75235959
10.06626046
11.5790786
13.32222198
15.32186395
17.62511647
20.27385687
23.32566647
26.82765724
30.85834915
35.49626219
40.83562031
46.97064749
54.03221034
62.15117549
71.4950522
82.23658443
94.60086275
108.8182124
125.17654
143.9899254
165.6300298
190.5260957
219.164947
252.1066927
290.0004314
333.5894854
383.7271051
441.4026422
507.7520189
584.0681974
671.8587612
772.845915
889.0083622
1022.633651
1176.344349
1353.155623
1556.548525
1790.506635
2059.636457
2369.214535
2725.323549
3134.962245
3606.171068
4148.210142
4771.716304
5488.943905
