33867.61307
35723.94236
36362.94357
37278.37662
38666.20481
40423.72269
42238.03077
44013.28891
45764.46572
47493.19586
49196.29846
50871.13886
52515.75049
54127.30019
57275.76764
60280.19922
61740.2996
65934.40284
68625.55328
71258.24281
75115.17486
80098.37733
83738.36108
88452.41156
93018.69094
98498.79756
104747.2639
110667.4061
116270.0331
123236.3209
129759.2712
136687.7992
143977.4848
151588.1311
160124.218
168895.8634
177896.6208
187633.6221
197989.9068
208864.2838
220637.289
232597.7989
244987.7768
257693.2067
270995.9995
284207.1779
297542.4557
310635.4185
323392.2174
335005.1795
345191.4062
353198.0762
358591.314
361558.0468
363242.5697
364502.8171
365194.0122
367053.8007
372424.4878
384771.3556
403198.8414
423392.4818
446071.3211
470912.4085
496474.6229
521790.7116
544364.9146
565877.309
590988.997
619779.0692
653027.0638
691266.1771
735017.458
784603.8751
840329.6533
902580.0401
971334.8397
1046389.904
1126830.627
1212387.493
1303580.601
1401694.279
1507243.845
1622414.67
1751047.743
1898851.187
2078067.822
2296244.419
