43811.65416
30970.92955
25267.15328
21863.83394
19557.30269
17855.96635
16533.51987
15472.71868
14589.803
13841.93579
13200.88509
12144.11086
11306.02123
10618.44426
10043.8479
9333.005689
8587.499157
8135.496721
7521.115773
7027.328272
6618.398249
6147.794487
5710.796418
5355.0773
4991.868308
4642.681307
4337.374938
4046.099381
3758.120684
3496.42147
3251.870306
3021.364011
2813.109145
2627.105776
2452.281575
2286.827142
2130.92556
1985.651929
1852.806018
1728.9714
1615.79226
1509.051249
1409.809958
1315.800546
1228.649655
1143.889205
1067.322575
997.1397902
930.3559218
864.0303723
802.3077733
743.8885573
688.504091
637.2287879
590.346333
548.2170321
507.3359581
473.6268392
441.8052927
415.3635086
392.5203083
370.428892
345.4471887
320.4245286
293.5619855
269.8292948
252.7386191
241.4305647
235.9173085
232.9049412
225.7995719
216.3248163
208.0927846
199.7762636
192.9881067
191.3723436
192.0816486
194.6973293
205.3963238
217.8872397
229.1245397
241.1809628
252.3542974
258.0827374
254.0033934
257.2453948
261.3136177
262.5481004
271.2251705
291.1583209
311.866531
339.0384113
414.7187817
