0.3429954817
0.2161464399
0.1686930518
0.1426014628
0.125637145
0.1135145028
0.1043101236
0.09702023089
0.09106453319
0.0860817003
0.0818336801
0.07493319046
0.0695250046
0.06513960884
0.06149103321
0.05701112654
0.05232399731
0.04948068488
0.04562496911
0.0425508857
0.04002581494
0.03714494661
0.03451099894
0.03236977167
0.03018297662
0.02806694643
0.02621398085
0.02447562907
0.02278810056
0.02127207358
0.01985737733
0.01851291939
0.01726555825
0.01612504908
0.01504326526
0.01404079075
0.01310932692
0.01224432141
0.01144283163
0.0106941409
0.01000033839
0.009350644951
0.008753937994
0.008194844206
0.0076787351
0.007200318887
0.006758967257
0.006351004552
0.005974755321
0.005628474125
0.005312139645
0.005023080568
0.004760708557
0.00452365221
0.004312036706
0.004124507232
0.003960685803
0.003820190874
0.003703042407
0.003608873811
0.003537724575
0.003489499022
0.003464243761
0.003461931707
0.003482575328
0.00352617851
0.003592722799
0.003682229896
0.003794778512
0.003930484941
0.004089550126
0.004272306426
0.004479200242
0.004710812673
0.004967913648
0.005251426437
0.005562387693
0.005902086407
0.006271943969
0.006673556101
0.007108742285
0.007579485145
0.008087961227
0.008636586531
0.009227937674
0.009864874088
0.01055043954
0.01128795522
0.01208100815
0.01293344557
0.01384943121
0.01483342086
0.01589023633
