0.7327523788
0.3664380305
0.2444006113
0.1834569319
0.1469702275
0.1227280609
0.1054962928
0.09265756087
0.08275743176
0.07492285592
0.0685978273
0.0634112145
0.05910559694
0.05549660636
0.04985912784
0.04575856736
0.04413667521
0.04052418462
0.03889875674
0.03772677721
0.0366007103
0.03592208404
0.03582984243
0.03607265814
0.03659467767
0.03749235651
0.03877897362
0.04018545361
0.04164667998
0.04361926392
0.04557934645
0.0477427343
0.05007973312
0.05256335215
0.05538276902
0.05828760985
0.06126227432
0.06447964285
0.06790465859
0.07150673943
0.07541875924
0.07944399372
0.0837089398
0.08817855137
0.09295232182
0.09786299363
0.103124095
0.1086847037
0.1146060723
0.1207356282
0.1272323282
0.1341324774
0.1413770423
0.1489157951
0.1570129711
0.1654414378
0.1743602172
0.1837634711
0.1936428544
0.2041061925
0.2150684473
0.2266697575
0.2389179855
0.2518145764
0.2653560118
0.2796641743
0.2947503613
0.3106567443
0.3274482501
0.3451010762
0.3637224282
0.383329263
0.4040178248
0.4258299107
0.4488181606
0.4730678534
0.4986148341
0.5255479616
0.553929516
0.5838620048
0.6154177052
0.6486999585
0.6837806793
0.720790068
0.7598047293
0.8009492797
0.8443396474
0.8901100495
