43444.79768
30720.20131
25083.01415
21722.59249
19429.33564
17736.5289
16420.88425
15360.37683
14481.94565
13738.82123
13099.49141
12049.85192
11217.86905
10537.41645
9967.457996
9263.045317
8520.8648
8068.174153
7451.459211
6957.528715
6550.395106
6084.401711
5657.015899
5308.678695
4952.124161
4606.356409
4302.980836
4017.872312
3740.637744
3491.184225
3258.056431
3036.175493
2830.011528
2641.223608
2461.874643
2295.39391
2140.42363
1996.221184
1862.308063
1736.899406
1620.347172
1510.837513
1409.865089
1314.822662
1226.609479
1144.309792
1067.799097
996.4192933
929.847568
867.7385819
810.0501949
756.2498959
706.1703318
659.4819795
616.1369895
575.7779733
538.2251548
503.2816225
470.8402604
440.6813165
412.6900885
386.7002132
362.610918
340.2707108
319.5917441
300.4558434
282.7738713
266.4510714
251.3993202
237.5405459
224.8004407
213.1071387
202.3940282
192.5982105
183.6586066
175.5178996
168.1228252
161.4204776
155.3615409
149.8989705
144.9875056
140.5846832
136.6505089
133.1474129
130.0411036
127.3001574
124.896999
122.8079643
121.0140294
119.501572
118.2632092
117.2990517
116.6181359
