0.01841368506
0.02258073505
0.02679802361
0.03058974495
0.03401582182
0.03715233487
0.04005734886
0.04277337242
0.04533193292
0.04775694734
0.05006697622
0.05227672331
0.05439749776
0.05643770048
0.06030572983
0.0639315926
0.0656663734
0.07060508659
0.07370682029
0.07667905699
0.08092907537
0.0862682029
0.09006505968
0.09489257679
0.09948775614
0.1049515807
0.1111574895
0.117037939
0.1226394766
0.1297360896
0.1364675847
0.1436674638
0.1512696359
0.1592172468
0.168130874
0.1772345749
0.1865013609
0.1964821718
0.2070757738
0.2181949996
0.230256108
0.2426618984
0.2558120555
0.2696057391
0.2843558831
0.299550025
0.3158528163
0.3331104211
0.3515141988
0.3705916222
0.3908415209
0.412384983
0.4350480398
0.4589087224
0.4853952096
0.5129378578
0.5382463121
0.558221257
0.5707225156
0.5740733409
0.5652893632
0.5391635212
0.5119229479
0.4861701375
0.4612934882
0.4363773854
0.4106426468
0.3862161791
0.3670336678
0.352987031
0.3437938862
0.3392272896
0.3390061847
0.342594954
0.3492073403
0.358206168
0.369103804
0.3815910215
0.3954783324
0.4107739056
0.4279607631
0.4477438925
0.4706987033
0.4926398169
0.5154793644
0.5344992684
0.5484539771
0.55620573
