97804.7858
87473.37806
85817.06169
85583.3254
85776.778
86141.21599
86586.44654
87074.00057
87585.18088
88109.99739
88642.71643
89179.85908
89719.2197
90259.34999
91338.31039
92411.97746
92946.02777
94535.06342
95582.65033
96620.45788
98158.70125
100175.6158
101663.4028
103615.1357
105531.8033
107880.7885
110634.835
113322.8258
115949.1664
119361.8765
122680.4051
126310.2804
130225.6062
134401.5775
139176.3109
144142.5951
149281.4828
154900.8736
160950.8696
167385.2365
174450.5659
181797.5048
189659.5467
197976.2077
206937.2696
216230.9278
226263.6363
236943.3827
248392.1354
260316.8492
273028.2948
286601.8406
300924.8189
315899.4907
332055.0056
348942.8052
366885.1265
385875.7507
405903.3012
427193.2196
449579.9864
473358.4454
498555.7549
525186.9701
553258.0123
583037.5298
614568.3964
647960.9006
683377.4665
720797.5179
760482.6509
802509.4153
847131.3235
894494.0243
944775.8277
998238.0339
1055046.223
1115498.059
1179849.534
1248468.138
1321676.398
1399895.639
1483504.286
1573054.857
1669011.961
1772002.564
1882685.913
2001828.427
