43738.32155
30949.29482
25281.44672
21897.81716
19582.31226
17874.48484
16551.31527
15482.68619
14598.81332
13848.41822
13204.09124
12147.81077
11310.06598
10625.28045
10053.69109
9346.443238
8597.307582
8142.974745
7521.609407
7019.049924
6603.462443
6129.554368
5694.140261
5340.662581
4980.674543
4634.477129
4329.259513
4042.949245
3766.573841
3516.931532
3282.804378
3065.253044
2864.347012
2678.099994
2501.812859
2333.68009
2169.692557
2012.941319
1867.860346
1734.120759
1613.063773
1502.363361
1397.976049
1298.762572
1206.883226
1118.57685
1041.232675
973.6931794
910.9309005
852.4035215
801.6699571
755.2469711
714.2228789
674.370859
630.8585488
587.4731516
544.2367507
503.2682613
466.716296
438.4954591
409.9410202
385.0118998
362.7824591
337.867372
312.3955708
289.2977537
266.0003406
242.695857
220.2639242
202.1574452
189.8949123
180.6071969
175.4921451
171.38355
169.1733412
166.8921534
167.1030066
167.8029277
176.5157758
186.6226242
199.7106971
218.3380947
243.8125395
270.8284499
300.4429079
332.5342192
361.9582314
386.0098805
415.9374854
453.3538168
501.6706138
549.2593929
614.2878973
