0.2789164177
0.1929905136
0.1564069994
0.1349433555
0.1204229815
0.1097635581
0.1015106754
0.09487685419
0.08939374805
0.08476306665
0.08078462894
0.07426321908
0.06910262739
0.06488714591
0.06135956823
0.05700382017
0.05241897798
0.04962454942
0.04581996324
0.04277467243
0.04026565352
0.03739507072
0.03476333303
0.03261902385
0.03042470503
0.02829728671
0.02643108597
0.02467756554
0.02297274822
0.02143899299
0.02000581164
0.01864195854
0.01737489914
0.0162148199
0.01511295708
0.01409040548
0.01313885838
0.01225380457
0.01143237054
0.01066369543
0.009950048555
0.0092804708
0.00866426997
0.008085749938
0.007550664953
0.007053779597
0.006594736432
0.006170066764
0.005778450961
0.005418585417
0.005091056346
0.004793814909
0.004527096576
0.004290469935
0.004085110403
0.003910816652
0.003768405008
0.003658669722
0.003582586774
0.0035406447
0.003533304245
0.003560654428
0.003622431551
0.00371821443
0.003847228778
0.004008796097
0.004202148829
0.004426768701
0.004682398874
0.004969006766
0.005286881293
0.005636692337
0.006019422668
0.006436384532
0.006889296563
0.007380206875
0.007911425939
0.008485772208
0.00910638074
0.009776800339
0.01050110868
0.01128385382
0.01213015953
0.01304586719
0.01403748533
0.01511249189
0.01627928778
0.01754749625
0.01892811588
0.02043371575
0.02207877856
0.02387994854
0.02585650982
