4.962409913
2.508413686
1.702057442
1.307163837
1.076403037
0.927283304
0.8244336263
0.7501705671
0.6946830193
0.6521024551
0.6187139082
0.5920595723
0.5704549433
0.5527116636
0.5255991083
0.5061724131
0.498474179
0.480901058
0.4724385796
0.4657467646
0.4580675074
0.4507860044
0.4467934854
0.44276797
0.4397671853
0.4369832816
0.43458054
0.4328454706
0.4315530946
0.4302880366
0.4293719352
0.428615628
0.4280021181
0.4275105434
0.4270928132
0.4267729279
0.4265285616
0.4263330705
0.4261825015
0.426071264
0.4259909549
0.4259412514
0.4259161901
0.4259134548
0.4259314748
0.4259682642
0.4260247867
0.4261011002
0.4261990593
0.4263172193
0.4264602228
0.4266317809
0.4268338517
0.4270686179
0.4273497456
0.4276759432
0.4280607335
0.4285135974
0.4290454379
0.4296762583
0.4304177618
0.4312998569
0.4323490811
0.4335961333
0.4350763386
0.4368470846
0.4389642407
0.4414986437
0.4445393492
0.4481744262
0.4525356269
0.4577579095
0.4640218079
0.4715228791
0.4804901957
0.4912009505
0.5039480442
0.5190868733
0.536999356
0.5581333334
0.5829582635
0.6120066657
0.645822028
0.6850409546
0.730284735
0.7822653999
0.8417310127
0.9095052313
