0.008295881215
0.008680038395
0.00920003654
0.009886652273
0.01062415382
0.01136436739
0.01208854757
0.01278992021
0.01346671058
0.01411925868
0.01474876943
0.01535675307
0.01594465286
0.01651346138
0.01759849266
0.0186213994
0.0191123024
0.02051383913
0.02139642244
0.02224343551
0.02345649862
0.02498320013
0.02607048931
0.02745451485
0.02877331537
0.03034285288
0.0321270894
0.03381894706
0.03543056577
0.03745983566
0.03937783765
0.04142935253
0.04359969751
0.04587526197
0.04843601497
0.05106359519
0.05375510889
0.05666508068
0.05976006783
0.06301144971
0.06653793302
0.07015813678
0.07398342165
0.07798134527
0.08224081764
0.08661353981
0.09129109234
0.09623115279
0.1014932455
0.1069460125
0.1127593698
0.1190338934
0.1257640656
0.1329204538
0.1407550429
0.1490447261
0.1579352868
0.1673831279
0.1773054011
0.1877589311
0.1985866958
0.2094709317
0.2200701208
0.2302918868
0.2404273015
0.2506341407
0.2609649821
0.2720773311
0.2848322202
0.2986049313
0.3121855288
0.3246267112
0.3353258695
0.343824551
0.3497689043
0.3528859582
0.353663291
0.3529452607
0.3513699001
0.3494219564
0.3474974254
0.3459476767
0.3451233678
0.3453770294
0.3472232883
0.3510243113
0.3529769103
0.3366355604
