0.2685214672
0.1899512873
0.1549960835
0.134174922
0.1200023766
0.1095226846
0.1014409554
0.09492293596
0.08952840752
0.08496705944
0.08105475693
0.07459197039
0.0694217093
0.06517879178
0.06162032643
0.0572243288
0.0525849913
0.04977875359
0.04594313549
0.04287070984
0.04033595967
0.03743714307
0.03477066415
0.032630173
0.0304570336
0.02837302264
0.02655668036
0.0248542311
0.02315770166
0.02161707906
0.02016453743
0.01877183592
0.01748390433
0.01632058036
0.01523304822
0.01423088107
0.01331509629
0.01242926133
0.01159908298
0.01080805475
0.01007494619
0.009371759459
0.008760445213
0.008186562562
0.007656657351
0.007173149583
0.006727609791
0.006296685058
0.00589587171
0.00550244775
0.00514406187
0.004823126812
0.004520846609
0.004247665408
0.003992317177
0.003755926347
0.003560687865
0.003414289458
0.003315211177
0.003274741108
0.003262890257
0.003280313329
0.003333319145
0.003421370146
0.003540970424
0.003701622828
0.003908150725
0.004148070163
0.004418604082
0.004703731468
0.004987672213
0.005284360888
0.005608983048
0.005979763304
0.006411205957
0.006869286825
0.007268192614
0.007583379544
0.00775702732
0.00777220632
0.007780461268
0.008064522274
0.008658542652
0.009502390086
0.01040952694
0.01118169174
0.01149317179
0.01093244578
0.009727414129
0.007593519007
0.005417137942
0.003796157775
0.004624474476
