0.1034255349
0.2068510698
0.3102766047
0.4137021396
0.5171276745
0.6205532093
0.7239787442
0.8274042791
0.930829814
1.034255349
1.137680884
1.241106419
1.344531954
1.447957488
1.654808558
1.861659628
1.965085163
2.275361768
2.482212837
2.689063907
2.999340512
3.413042651
3.723319256
4.137021396
4.550723535
5.06785121
5.688404419
6.308957628
6.929510838
7.756915117
8.584319396
9.51514921
10.54940456
11.68708544
13.0316174
14.47957488
16.03095791
17.789192
19.75427716
21.9262134
24.40842623
27.09749014
30.09683065
33.40644777
37.12976703
41.16336289
45.71408642
50.78193763
56.47034205
62.67587414
69.60538498
77.3623001
85.94661949
95.35834317
106.0111733
117.6982587
130.7298761
145.209451
161.2404089
179.1330264
198.8873036
220.9169425
245.4287943
272.62971
302.7265406
336.2364139
373.4696065
414.8398204
460.8641835
511.8529722
568.5301653
631.4128905
701.3285521
779.0011288
865.2580249
961.1334957
1067.558371
1185.773758
1317.020761
1462.850765
1624.815153
1804.775584
2004.593717
2226.648341
2473.214816
2747.085632
3051.26013
3389.151353
