165856.3888
120026.619
107969.3439
103023.7408
100555.3469
99197.37933
98420.51013
97981.38876
97754.01439
97667.18036
97677.85026
97758.5929
97891.15324
98062.94173
98490.84226
98995.51231
99267.81018
100138.6968
100750.4322
101378.4244
102340.6687
103645.7325
104632.7078
105952.0061
107269.7564
108909.2126
110859.7126
112788.0352
114692.1428
117191.8915
119646.8007
122355.9361
125302.9166
128471.3101
132122.4064
135948.6366
139935.2952
144323.2681
149077.2443
154163.3979
159780.0604
165651.7781
171966.2148
178676.4959
185937.6394
193497.828
201688.4879
210436.1674
219841.9015
229664.9326
240160.8087
251391.9157
263264.4712
275695.9242
289124.2422
303174.7957
318113.0488
333930.8244
350614.8992
368348.5715
386988.6219
406774.1852
427720.1748
449830.1625
473098.8485
497736.7774
523764.9346
551257.5949
580328.7611
610939.0184
643276.2814
677372.4391
713397.705
751428.2453
791559.6719
833945.3564
878653.1474
925844.5572
975635.7364
1028214.751
1083718.203
1142339.12
1204217.271
1269597.643
1338633.456
1411566.013
1488625.118
1570077.516
