0.2686296992
0.1902051527
0.1553438227
0.1345045634
0.120306649
0.1098621708
0.1017466377
0.09519873869
0.08977828124
0.08518814392
0.08123219654
0.07472707947
0.0695731954
0.06535654444
0.06183852986
0.05752142154
0.05298053806
0.05020868119
0.04639698166
0.04331203702
0.04074831875
0.03780019723
0.03513279319
0.03296225925
0.03073411664
0.02857855361
0.026704932
0.02492579578
0.02318614551
0.02162868064
0.02020159438
0.01885096175
0.0176047672
0.01647914445
0.01542010092
0.01443030368
0.01349344029
0.01263081101
0.01180838602
0.01103445262
0.01030898347
0.009622314027
0.008959188897
0.008340963532
0.007794853167
0.007290108946
0.006823233213
0.006394901067
0.006031379883
0.005676446266
0.005351138289
0.005049747891
0.004772598775
0.004475127555
0.004191791516
0.003932004377
0.003712921848
0.003543787252
0.003434105629
0.003377054343
0.00336171974
0.003374576618
0.003398482059
0.0034549905
0.003537533144
0.003658843923
0.003831013908
0.004043426698
0.004285237049
0.004575619966
0.00491663045
0.005281983437
0.00567209929
0.006074292936
0.00648945612
0.006924697111
0.00740575798
0.007948661741
0.00857762306
0.009301344229
0.0101698286
0.01133894442
0.01272844204
0.01420266663
0.0158246116
0.01764959127
0.01938144431
0.0207631015
0.02172960324
0.02303090724
0.02523343698
0.02814138806
0.03273684108
