0.2686722271
0.1898289978
0.1549995878
0.1342502302
0.1200783901
0.1095999587
0.1014568583
0.09487518708
0.08940749306
0.08479555114
0.08083958809
0.07434671668
0.06919448522
0.06498699378
0.06146953838
0.05712015373
0.05254542656
0.04975947437
0.04598508962
0.04297037446
0.04048374467
0.03761452426
0.03498093117
0.03279527033
0.03054524415
0.02836216397
0.02646815353
0.0246933477
0.02301740505
0.02152004017
0.02011331433
0.01876741215
0.01752301819
0.01636363961
0.01523974307
0.01420533345
0.01326483583
0.01239452207
0.01159654553
0.01086590016
0.01016105502
0.009481323996
0.008854862126
0.008243993761
0.007668300962
0.007130475667
0.006627293874
0.006163227646
0.005754991376
0.005390672905
0.005072026003
0.004794478418
0.004529241362
0.004299603482
0.004085878877
0.003881890073
0.003693155568
0.003533870323
0.003389888027
0.003295716088
0.003251348462
0.003273873161
0.00333517615
0.00344542035
0.003603394627
0.00380429327
0.004035135121
0.004308961068
0.004620395434
0.004972285862
0.005349665942
0.005756406832
0.006201953242
0.00669433475
0.007224255224
0.00779917843
0.008409125444
0.009045208688
0.009705957906
0.0103953808
0.01105504791
0.01164029822
0.01207946489
0.01250142432
0.01303318881
0.01395078735
0.01532926378
0.01713751337
0.01922179322
0.02129384842
0.02294200597
0.02456187382
0.02495068973
