0.5268818744
0.3780062056
0.313864138
0.2764431939
0.2513937671
0.2332328574
0.2193572717
0.2083539308
0.199382039
0.1919065732
0.1855691367
0.1801196939
0.17537796
0.1712103438
0.1642152515
0.1585641272
0.1561243459
0.149970141
0.1466197438
0.1437249992
0.1400502272
0.1360860607
0.1336360939
0.1308905716
0.1286031288
0.1262294347
0.1239120872
0.1220229065
0.1204538026
0.1187342477
0.1173335913
0.1160405756
0.1148663632
0.1138128204
0.1128060892
0.1119353781
0.1111840645
0.11050117
0.1098953939
0.1093691886
0.1089041143
0.1085218363
0.1082061153
0.1079588301
0.1077755904
0.1076627049
0.1076166134
0.1076431675
0.1077487955
0.1079360625
0.1082163683
0.1086029445
0.1091054443
0.1097330913
0.1105274481
0.111489409
0.1126619532
0.114076661
0.1157683205
0.1177990759
0.1202016034
0.1230629643
0.1264528005
0.1304450028
0.1351164459
0.140597519
0.1469921862
0.1544243699
0.1630397379
0.1729456934
0.1843289035
0.1973361811
0.2121775391
0.2290416373
0.248137868
0.2697208044
0.2940212516
0.321339898
0.3519777549
0.3863085836
0.4247070635
0.4676221091
0.5155035765
0.5689261974
0.6284411074
0.6947251438
0.7685064735
0.8506147527
