43945.94524
35137.6543
32336.2942
31287.80364
30990.44828
31077.01214
31380.42398
31814.06262
32328.89587
32895.36866
33494.81234
34115.00572
34747.7244
35387.31459
36672.46847
37950.76085
38583.97982
40451.77193
41667.19598
42857.66325
44596.79086
46832.02186
48449.59105
50533.99937
52542.48354
54956.58102
57727.11309
60375.70817
62916.46447
66156.39353
69248.01492
72571.42728
76096.3405
79796.05613
83960.37576
88227.06235
92581.85516
97283.06666
102283.0209
107540.1035
113250.6631
119129.3961
125362.3924
131899.5197
138887.2149
146081.2239
153794.8305
161953.9839
170649.0493
179656.2197
189209.237
199361.8628
210027.5159
221132.3463
233065.8986
245493.76
258650.646
272528.3304
287114.8686
302569.9343
318768.437
335918.0508
354031.172
373110.7807
393152.5899
414338.1127
436685.4433
460258.618
485155.7129
511343.5454
538983.6093
568103.9747
598850.9889
631290.7892
665506.3227
701629.9898
739721.5593
779920.9393
822329.7599
867111.3517
914385.7451
964321.6625
1017043.204
1072764.99
1131624.47
1193835.362
1259602.99
1329165.839
