22088.50048
23841.45212
24247.65624
25589.547
27351.87241
28853.13293
29939.70488
30743.72903
31437.58058
32091.34441
32734.83674
33380.37169
34032.33229
34691.46861
36027.23118
37375.75198
38050.99466
40067.74254
41397.04826
42709.34425
44640.84336
47141.65324
48960.54826
51311.86584
53582.35836
56314.42425
59450.83767
62448.0123
65320.70804
68979.00743
72464.50008
76205.56625
80167.21468
84318.84832
88984.56738
93758.04896
98623.83439
103870.3211
109443.8827
115298.142
121650.5331
128185.4917
135103.4831
142339.2547
150063.5193
158014.6969
166546.9166
175585.0065
185215.8321
195203.6668
205820.1365
217130.1646
229040.6372
241471.8373
254867.7238
268871.9562
283751.0692
299499.6827
316090.6445
332948.7197
348574.8896
362236.2437
373271.0346
381200.788
385634.7248
388715.6921
395585.2145
406102.7309
419995.4305
436899.7141
456617.2642
478960.6278
503915.7483
531488.0137
561769.4551
594980.7294
631398.6601
671450.1113
715614.175
764556.368
819064.2864
880246.042
949583.5376
1029095.947
1121418.663
1230468.515
1360857.091
1508690.104
