43740.95825
30935.5869
25265.6591
21881.11169
19564.36194
17853.56072
16523.00933
15450.43977
14564.75346
13814.44721
13167.37591
12107.55523
11269.37893
10585.11236
10013.35377
9308.213861
8564.282808
8112.402435
7500.848015
7009.126302
6600.445482
6128.786342
5696.224194
5339.925496
4972.925303
4623.214749
4318.151489
4028.959831
3749.273235
3500.538892
3265.954578
3044.995808
2841.271577
2653.151694
2473.051389
2306.216498
2146.930517
1997.566639
1861.674198
1738.429172
1623.651354
1519.9088
1423.263507
1329.14632
1239.798907
1154.68823
1072.980777
995.3135235
924.923747
857.5629593
799.6735736
746.9242301
700.0530597
652.8317238
608.6283636
563.9380419
522.4295567
484.8839537
451.0008078
416.3905828
391.4842093
368.4846329
346.5010807
326.6450712
311.9943582
291.7457212
274.2720099
260.4313704
251.4043614
241.387254
234.2815257
224.9718384
212.4478902
196.5030651
180.1938159
163.5913579
151.7763781
142.983593
139.7872206
138.6395829
136.7462995
131.776556
128.6353013
119.10543
105.7478449
98.0334748
88.65045006
71.36579623
62.04861742
59.80129792
46.29413268
53.00385855
67.20899207
