43393.7238
30681.53717
25050.70107
21694.25389
19403.77524
17713.04788
16399.03335
15339.84734
14462.51474
13720.32191
13081.79475
12033.4743
11202.53677
10522.93802
9953.693253
9250.159695
8508.90027
8056.767839
7440.807464
6947.474964
6540.828835
6075.385811
5648.495834
5300.554826
4944.39667
4599.002338
4295.943363
4011.120729
3734.15079
3484.921471
3251.988495
3030.276707
2824.252367
2635.574026
2456.309225
2289.885211
2134.944917
1990.746065
1856.810489
1731.353142
1614.726219
1505.114679
1404.014965
1308.816922
1220.421324
1137.911177
1061.162326
989.5154214
922.6471768
860.2116211
802.1678522
747.9818846
697.4871613
650.3539158
606.5371456
565.6797282
527.6045226
492.1179327
459.118852
428.3932954
399.8362006
373.2925389
348.6776656
325.8595268
304.7766592
285.3436562
267.5134243
251.2439027
236.5129338
223.3239966
211.7022423
201.6954389
193.3777369
186.8477183
182.2247631
179.6458833
179.2583977
181.2124399
185.6571274
192.7396101
202.6113391
215.437386
231.4103363
250.766636
273.7982652
300.8702221
332.4287512
369.0164825
411.2836913
460.0002581
516.0725799
580.5581329
654.6886756
